  0.0000000e+000  2.0000000e-002  4.0000000e-002  6.0000000e-002  1.0000000e-001  1.5000000e-001  2.1000000e-001  2.7000000e-001  3.6000000e-001  4.5000000e-001  5.7000000e-001  7.1000000e-001  8.7000000e-001  1.0700000e+000  1.3200000e+000  1.6400000e+000  2.0700000e+000  2.7100000e+000  3.8400000e+000  5.0200000e+000  6.6300000e+000  7.8800000e+000
  1.0000000e-001  2.1000000e-001  3.3000000e-001  4.5000000e-001  5.8000000e-001  7.1000000e-001  8.6000000e-001  1.0200000e+000  1.2000000e+000  1.3900000e+000  1.6000000e+000  1.8300000e+000  2.1000000e+000  2.4100000e+000  2.7700000e+000  3.2200000e+000  3.7900000e+000  4.6100000e+000  5.9900000e+000  7.3800000e+000  9.2100000e+000  1.0600000e+001
  3.5000000e-001  5.8000000e-001  8.0000000e-001  1.0100000e+000  1.2100000e+000  1.4200000e+000  1.6400000e+000  1.8700000e+000  2.1100000e+000  2.3700000e+000  2.6400000e+000  2.9500000e+000  3.2800000e+000  3.6600000e+000  4.1100000e+000  4.6400000e+000  5.3200000e+000  6.2500000e+000  7.8100000e+000  9.3500000e+000  1.1340000e+001  1.2840000e+001
  7.1000000e-001  1.0600000e+000  1.3700000e+000  1.6500000e+000  1.9200000e+000  2.1900000e+000  2.4700000e+000  2.7500000e+000  3.0500000e+000  3.3600000e+000  3.6900000e+000  4.0400000e+000  4.4400000e+000  4.8800000e+000  5.3900000e+000  5.9900000e+000  6.7400000e+000  7.7800000e+000  9.4900000e+000  1.1140000e+001  1.3280000e+001  1.4860000e+001
  1.1500000e+000  1.6100000e+000  1.9900000e+000  2.3400000e+000  2.6700000e+000  3.0000000e+000  3.3300000e+000  3.6600000e+000  4.0000000e+000  4.3500000e+000  4.7300000e+000  5.1300000e+000  5.5700000e+000  6.0600000e+000  6.6300000e+000  7.2900000e+000  8.1200000e+000  9.2400000e+000  1.1070000e+001  1.2830000e+001  1.5090000e+001  1.6750000e+001
  1.6400000e+000  2.2000000e+000  2.6600000e+000  3.0700000e+000  3.4500000e+000  3.8300000e+000  4.2000000e+000  4.5700000e+000  4.9500000e+000  5.3500000e+000  5.7700000e+000  6.2100000e+000  6.6900000e+000  7.2300000e+000  7.8400000e+000  8.5600000e+000  9.4500000e+000  1.0640000e+001  1.2590000e+001  1.4450000e+001  1.6810000e+001  1.8550000e+001
  2.1700000e+000  2.8300000e+000  3.3600000e+000  3.8200000e+000  4.2500000e+000  4.6700000e+000  5.0800000e+000  5.4900000e+000  5.9100000e+000  6.3500000e+000  6.8000000e+000  7.2800000e+000  7.8100000e+000  8.3800000e+000  9.0400000e+000  9.8000000e+000  1.0750000e+001  1.2020000e+001  1.4070000e+001  1.6010000e+001  1.8480000e+001  2.0280000e+001
  2.7300000e+000  3.4900000e+000  4.0800000e+000  4.5900000e+000  5.0700000e+000  5.5300000e+000  5.9800000e+000  6.4200000e+000  6.8800000e+000  7.3400000e+000  7.8300000e+000  8.3500000e+000  8.9100000e+000  9.5200000e+000  1.0220000e+001  1.1030000e+001  1.2030000e+001  1.3360000e+001  1.5510000e+001  1.7530000e+001  2.0090000e+001  2.1950000e+001
  3.3300000e+000  4.1700000e+000  4.8200000e+000  5.3800000e+000  5.9000000e+000  6.3900000e+000  6.8800000e+000  7.3600000e+000  7.8400000e+000  8.3400000e+000  8.8600000e+000  9.4100000e+000  1.0010000e+001  1.0660000e+001  1.1390000e+001  1.2240000e+001  1.3290000e+001  1.4680000e+001  1.6920000e+001  1.9020000e+001  2.1670000e+001  2.3590000e+001
  3.9400000e+000  4.8700000e+000  5.5700000e+000  6.1800000e+000  6.7400000e+000  7.2700000e+000  7.7800000e+000  8.3000000e+000  8.8100000e+000  9.3400000e+000  9.8900000e+000  1.0470000e+001  1.1100000e+001  1.1780000e+001  1.2550000e+001  1.3440000e+001  1.4530000e+001  1.5990000e+001  1.8310000e+001  2.0480000e+001  2.3210000e+001  2.5190000e+001
  4.5700000e+000  5.5800000e+000  6.3400000e+000  6.9900000e+000  7.5800000e+000  8.1500000e+000  8.7000000e+000  9.2400000e+000  9.7800000e+000  1.0340000e+001  1.0920000e+001  1.1530000e+001  1.2180000e+001  1.2900000e+001  1.3700000e+001  1.4630000e+001  1.5770000e+001  1.7280000e+001  1.9680000e+001  2.1920000e+001  2.4720000e+001  2.6760000e+001
  5.2300000e+000  6.3000000e+000  7.1100000e+000  7.8100000e+000  8.4400000e+000  9.0300000e+000  9.6100000e+000  1.0180000e+001  1.0760000e+001  1.1340000e+001  1.1950000e+001  1.2580000e+001  1.3270000e+001  1.4010000e+001  1.4850000e+001  1.5810000e+001  1.6990000e+001  1.8550000e+001  2.1030000e+001  2.3340000e+001  2.6220000e+001  2.8300000e+001
  5.8900000e+000  7.0400000e+000  7.9000000e+000  8.6300000e+000  9.3000000e+000  9.9300000e+000  1.0530000e+001  1.1130000e+001  1.1730000e+001  1.2340000e+001  1.2970000e+001  1.3640000e+001  1.4350000e+001  1.5120000e+001  1.5980000e+001  1.6980000e+001  1.8200000e+001  1.9810000e+001  2.2360000e+001  2.4740000e+001  2.7690000e+001  2.9820000e+001
